#cosmological_parameters--omch2    cosmological_parameters--ombh2    cosmological_parameters--h0    cosmological_parameters--sigma8_input    cosmological_parameters--n_s    intrinsic_alignment_parameters--a
1.668097485059333090e-03 3.170525696562201397e-07 3.631749216291964923e-05 -5.024735583395252038e-03 -3.337466159986210890e-04 -6.150045374368750227e-03
3.170525696562201397e-07 2.646410077918172074e-06 2.880581845004352160e-06 -3.258504781305316514e-06 -3.619399879571477997e-06 6.098452983685648130e-05
3.631749216291964923e-05 2.880581845004352160e-06 7.825269944632017504e-04 8.557588875221640258e-04 -1.914528488621653965e-04 -4.242202380962918152e-04
-5.024735583395252038e-03 -3.258504781305316514e-06 8.557588875221640258e-04 1.754021320046238869e-02 6.689593879882029838e-04 2.322212900226629934e-02
-3.337466159986210890e-04 -3.619399879571477997e-06 -1.914528488621653965e-04 6.689593879882029838e-04 7.679796597352246896e-04 1.271201930396156834e-03
-6.150045374368750227e-03 6.098452983685648130e-05 -4.242202380962918152e-04 2.322212900226629934e-02 1.271201930396156834e-03 3.140983198894289896e-01
